69
8 6 4 2
0 0 37.69708 8.383989 0.06373126 -0.5701655 0.00426246 -3.064837 -8.03422 -3.827421E-05
0 1 0.0005121597 -2.732554 -2.141253 -45.3459 5.508199 -0.4602433 -0.7905936 -0.1627224
0 2 -0.02405935 464.5003 -0.04328337 -0.009107536 7.096623 2.804715 -0.0001310109 0.03237313
0 3 1.223096 -0.6397019 -57.16824 1.344016 -26.91127 0.4007261 0.007897402 -0.005053661
0 4 -0.1258166 11.30528 -0.07149516 -3.001976 0.03317741 -0.003933669 0.0001197212 8.676115
0 5 0.008903284 14.08216 50.0322 -44.85779 -0.03892189 1.980178 -2.660248 2.544783
1 0 0.006623829 0.1533328 883.2953 -0.003118166 -0.3683603 0.005691626
1 1 0.1313532 0.0804693 0.1901731 341.0622 -0.03064167 -292.0835
1 2 1.619456 -2.250487 -1.24371 12.83096 -19.83677 -0.001595829
1 3 5.942262 -0.003047948 0.06612525 -2.855201 -83.41682 -0.04429635
2 0 -0.006730968 -87.07757 2.272503 -0.02048386
2 1 28.81251 0.05255059 11.05241 -0.0004203983
