2
8 6 4 2
0 0 0.003089253 -0.3300974 -0.2705649 0.1253068 -0.01305478 -0.4112976 0.4927295 -0.05423855
0 1 0.2440293 0.3595614 -0.3761871 0.3685558 0.01819058 0.319113 -0.1877631 0.3795459
0 2 -0.04985977 -0.01094757 0.0102935 0.1421524 -0.179838 -0.04173462 0.1118282 0.1211955
0 3 -0.0656351 0.3576044 0.3745387 -0.05865164 -0.04207618 -0.01812802 0.03900157 -0.3859215
0 4 0.05959 -1.335962 0.239963 0.2005665 -0.005065165 -0.1940993 0.07114506 -0.001578934
0 5 -0.1246032 0.1099464 -0.002246817 0.09137288 0.2360269 -0.1301544 -0.3266555 -0.306446
1 0 0.08037572 0.7220484 -0.3227464 -0.2000695 -0.1060064 0.2420596
1 1 -0.3444575 0.3912908 -0.1967836 -0.006866836 0.2252069 0.3176153
1 2 -0.01017904 -0.1287109 -0.09315311 -0.02467757 0.17779 -0.4114916
1 3 0.381386 0.01120785 0.4538195 -0.1465413 0.05872998 0.09357976
2 0 -0.7869844 -0.3307342 -0.1291354 0.009154215
2 1 0.3579656 -0.103959 0.2851687 0.146957
