190
8 6 4 2
0 0 5.191984 -2.044911 0.07763184 -0.08423612 -0.00483866 1.121494 2.914996 -3.532994E-05
0 1 0.0002176078 0.04140713 -1.033768 4.089582 -0.1657837 0.8704312 -1.773929 0.1979195
0 2 0.3836294 62.11283 0.04520181 -0.01833841 -6.71733 2.804715 0.01483407 -0.01798556
0 3 0.07804349 -2.226862 -22.49253 -0.1746744 -67.99182 0.21276 -0.04654228 0.0007710382
0 4 -0.05834763 -0.6658158 0.1324169 2.185097 -1.096766 -0.03002094 -0.01604248 2.201404
0 5 -0.01764064 8.77845 33.83949 0.7669004 -0.009083399 0.4215369 -3.596508 -4.375365
1 0 0.003439892 0.03151029 305.1045 -0.01814517 6.589469 0.001842809
1 1 -0.05337313 -0.01116145 0.02375026 58.95814 0.01563458 312.5785
1 2 1.539431 -26.73628 29.70652 -1.460607 -11.02598 0.001408743
1 3 -36.24841 0.02763132 -0.03714371 -5.544868 -11.42458 0.01422446
2 0 -0.07711034 -21.31203 -0.3080112 0.3188197
2 1 11.04128 0.03972063 -4.39221 -0.0001171592
